     0.025368      0.428589
     0.050736      0.431342
     0.076104      0.434110
     0.101471      0.436893
     0.126839      0.439689
     0.152207      0.442493
     0.177575      0.445298
     0.202943      0.448092
     0.228311      0.450862
     0.253678      0.453594
     0.279046      0.456276
     0.304414      0.458894
     0.329782      0.461438
     0.355150      0.463899
     0.380518      0.466270
     0.405885      0.468547
     0.431253      0.470726
     0.456621      0.472808
     0.481989      0.474792
     0.507357      0.476682
     0.532725      0.478480
     0.558092      0.480189
     0.583460      0.481816
     0.608828      0.483365
     0.634196      0.484841
     0.659564      0.486251
     0.684932      0.487600
     0.710299      0.488893
     0.735667      0.490137
     0.761035      0.491337
     0.786403      0.492499
     0.811771      0.493627
     0.837139      0.494727
     0.862506      0.495804
     0.887874      0.496861
     0.913242      0.497904
     0.938610      0.498936
     0.963978      0.499961
     0.989346      0.500982
     1.014713      0.502003
     1.040081      0.503027
     1.065449      0.504056
     1.090817      0.505093
     1.116185      0.506140
     1.141553      0.507200
     1.166920      0.508275
     1.192288      0.509366
     1.217656      0.510476
     1.243024      0.511606
     1.268392      0.512756
     1.293760      0.513929
     1.319127      0.515126
     1.344495      0.516347
     1.369863      0.517594
     1.395231      0.518867
     1.420599      0.520166
     1.445967      0.521492
     1.471334      0.522846
     1.496702      0.524227
     1.522070      0.525636
     1.547438      0.527073
     1.572806      0.528537
     1.598174      0.530028
     1.623541      0.531545
     1.648909      0.533089
     1.674277      0.534658
     1.699645      0.536251
     1.725013      0.537868
     1.750381      0.539508
     1.775748      0.541170
     1.801116      0.542852
     1.826484      0.544554
     1.851852      0.546275
     1.877220      0.548014
     1.902588      0.549770
     1.927955      0.551543
     1.953323      0.553330
     1.978691      0.555132
     2.004059      0.556949
     2.029427      0.558781
     2.054795      0.560626
     2.080162      0.562486
     2.105530      0.564361
     2.130898      0.566251
     2.156266      0.568158
     2.181634      0.570082
     2.207002      0.572025
     2.232369      0.573988
     2.257737      0.575972
     2.283105      0.577981
     2.308473      0.580015
     2.333841      0.582077
     2.359209      0.584168
     2.384576      0.586290
     2.409944      0.588446
     2.435312      0.590637
     2.460680      0.592865
     2.486048      0.595131
     2.511416      0.597437
     2.536783      0.599783
     2.562151      0.602171
     2.587519      0.604600
     2.612887      0.607071
     2.638255      0.609584
     2.663623      0.612138
     2.688990      0.614732
     2.714358      0.617365
     2.739726      0.620035
     2.765094      0.622741
     2.790462      0.625481
     2.815830      0.628253
     2.841197      0.631053
     2.866565      0.633880
     2.891933      0.636732
     2.917301      0.639604
     2.942669      0.642496
     2.968037      0.645403
     2.993404      0.648324
     3.018772      0.651256
     3.044140      0.654196
     3.069508      0.657142
     3.094876      0.660093
     3.120244      0.663046
     3.145611      0.665999
     3.170979      0.668951
     3.196347      0.671900
     3.221715      0.674845
     3.247083      0.677785
     3.272451      0.680718
     3.297818      0.683643
     3.323186      0.686560
     3.348554      0.689467
     3.373922      0.692364
     3.399290      0.695249
     3.424658      0.698122
     3.450025      0.700981
     3.475393      0.703826
     3.500761      0.706654
     3.526129      0.709466
     3.551497      0.712259
     3.576865      0.715031
     3.602232      0.717782
     3.627600      0.720508
     3.652968      0.723209
     3.678336      0.725882
     3.703704      0.728524
     3.729072      0.731134
     3.754439      0.733709
     3.779807      0.736247
     3.805175      0.738743
     3.830543      0.741197
     3.855911      0.743606
     3.881279      0.745965
     3.906646      0.748273
     3.932014      0.750526
     3.957382      0.752722
     3.982750      0.754858
     4.008118      0.756930
     4.033486      0.758937
     4.058853      0.760873
     4.084221      0.762738
     4.109589      0.764528
     4.134957      0.766240
     4.160325      0.767871
     4.185693      0.769419
     4.211060      0.770881
     4.236428      0.772254
     4.261796      0.773535
     4.287164      0.774723
     4.312532      0.775815
     4.337900      0.776809
     4.363267      0.777702
     4.388635      0.778492
     4.414003      0.779178
     4.439371      0.779759
     4.464739      0.780233
     4.490107      0.780598
     4.515474      0.780855
     4.540842      0.781002
     4.566210      0.781039
     4.591578      0.780968
     4.616946      0.780788
     4.642314      0.780500
     4.667681      0.780107
     4.693049      0.779610
     4.718417      0.779012
     4.743785      0.778317
     4.769153      0.777527
     4.794521      0.776648
     4.819888      0.775684
     4.845256      0.774642
     4.870624      0.773527
     4.895992      0.772347
     4.921360      0.771108
     4.946728      0.769821
     4.972095      0.768492
     4.997463      0.767131
     5.022831      0.765749
     5.048199      0.764355
     5.073567      0.762961
     5.098935      0.761576
     5.124302      0.760213
     5.149670      0.758882
     5.175038      0.757595
     5.200406      0.756363
     5.225774      0.755197
     5.251142      0.754107
     5.276509      0.753104
     5.301877      0.752198
     5.327245      0.751397
     5.352613      0.750710
     5.377981      0.750142
     5.403349      0.749701
     5.428716      0.749391
     5.454084      0.749214
     5.479452      0.749173
     5.504820      0.749267
     5.530188      0.749496
     5.555556      0.749856
     5.580923      0.750341
     5.606291      0.750945
     5.631659      0.751658
     5.657027      0.752472
     5.682395      0.753372
     5.707763      0.754345
     5.733130      0.755375
     5.758498      0.756444
     5.783866      0.757534
     5.809234      0.758625
     5.834602      0.759694
     5.859970      0.760721
     5.885337      0.761680
     5.910705      0.762549
     5.936073      0.763303
     5.961441      0.763916
     5.986809      0.764366
     6.012177      0.764626
     6.037544      0.764672
     6.062912      0.764481
     6.088280      0.764029
     6.113648      0.763294
     6.139016      0.762254
     6.164384      0.760890
     6.189751      0.759182
     6.215119      0.757112
     6.240487      0.754664
     6.265855      0.751822
     6.291223      0.748573
     6.316591      0.744903
     6.341958      0.740801
     6.367326      0.736258
     6.392694      0.731264
     6.418062      0.725811
     6.443430      0.719891
     6.468798      0.713499
     6.494165      0.706629
     6.519533      0.699275
     6.544901      0.691433
     6.570269      0.683097
     6.595637      0.674264
     6.621005      0.664929
     6.646372      0.655087
     6.671740      0.644733
     6.697108      0.633863
     6.722476      0.622470
     6.747844      0.610551
     6.773212      0.598098
     6.798579      0.585106
     6.823947      0.571568
     6.849315      0.557479
     6.874683      0.542832
     6.900051      0.527621
     6.925419      0.511840
     6.950786      0.495484
     6.976154      0.478547
     7.001522      0.461027
     7.026890      0.442919
     7.052258      0.424223
     7.077626      0.404936
     7.102993      0.385061
     7.128361      0.364598
     7.153729      0.343552
     7.179097      0.321929
     7.204465      0.299737
     7.229833      0.276983
     7.255200      0.253681
     7.280568      0.229843
     7.305936      0.205484
     7.331304      0.180622
     7.356672      0.155275
     7.382040      0.129464
     7.407407      0.103210
     7.432775      0.076537
     7.458143      0.049469
     7.483511      0.022032
     7.508879      0.005749
     7.534247      0.033846
     7.559614      0.062232
     7.584982      0.090881
     7.610350      0.119763
     7.635718      0.148852
     7.661086      0.178121
     7.686454      0.207542
     7.711821      0.237088
     7.737189      0.266734
     7.762557      0.296454
     7.787925      0.326223
     7.813293      0.356018
     7.838661      0.385817
     7.864028      0.415598
     7.889396      0.445342
     7.914764      0.475028
     7.940132      0.504639
     7.965500      0.534156
     7.990868      0.563564
     8.016235      0.592847
     8.041603      0.621989
     8.066971      0.650974
     8.092339      0.679792
     8.117707      0.708431
     8.143075      0.736884
     8.168442      0.765144
     8.193810      0.793200
     8.219178      0.821040
     8.244546      0.848650
     8.269914      0.876021
     8.295282      0.903145
     8.320649      0.930012
     8.346017      0.956613
     8.371385      0.982936
     8.396753      1.008966
     8.422121      1.034690
     8.447489      1.060097
     8.472856      1.085177
     8.498224      1.109920
     8.523592      1.134315
     8.548960      1.158351
     8.574328      1.182017
     8.599696      1.205304
     8.625063      1.228202
     8.650431      1.250704
     8.675799      1.272802
     8.701167      1.294490
     8.726535      1.315762
     8.751903      1.336614
     8.777270      1.357046
     8.802638      1.377056
     8.828006      1.396644
     8.853374      1.415808
     8.878742      1.434549
     8.904110      1.452864
     8.929477      1.470749
     8.954845      1.488203
     8.980213      1.505224
     9.005581      1.521810
     9.030949      1.537958
     9.056317      1.553669
     9.081684      1.568941
     9.107052      1.583778
     9.132420      1.598180
     9.157788      1.612149
     9.183156      1.625685
     9.208524      1.638785
     9.233891      1.651448
     9.259259      1.663671
     9.284627      1.675455
     9.309995      1.686797
     9.335363      1.697698
     9.360731      1.708156
     9.386098      1.718170
     9.411466      1.727734
     9.436834      1.736839
     9.462202      1.745474
     9.487570      1.753631
     9.512938      1.761302
     9.538305      1.768478
     9.563673      1.775152
     9.589041      1.781318
     9.614409      1.786968
     9.639777      1.792092
     9.665145      1.796685
     9.690512      1.800738
     9.715880      1.804247
     9.741248      1.807206
     9.766616      1.809610
     9.791984      1.811455
     9.817352      1.812740
     9.842719      1.813465
     9.868087      1.813630
     9.893455      1.813238
     9.918823      1.812291
     9.944191      1.810793
     9.969559      1.808746
     9.994926      1.806159
    10.020294      1.803036
    10.045662      1.799383
    10.071030      1.795207
    10.096398      1.790517
    10.121766      1.785324
    10.147133      1.779640
    10.172501      1.773482
    10.197869      1.766866
    10.223237      1.759811
    10.248605      1.752337
    10.273973      1.744465
    10.299340      1.736213
    10.324708      1.727602
    10.350076      1.718648
    10.375444      1.709372
    10.400812      1.699795
    10.426180      1.689941
    10.451547      1.679836
    10.476915      1.669503
    10.502283      1.658964
    10.527651      1.648242
    10.553019      1.637359
    10.578387      1.626336
    10.603754      1.615196
    10.629122      1.603961
    10.654490      1.592651
    10.679858      1.581287
    10.705226      1.569888
    10.730594      1.558473
    10.755961      1.547058
    10.781329      1.535662
    10.806697      1.524301
    10.832065      1.512991
    10.857433      1.501747
    10.882801      1.490585
    10.908168      1.479519
    10.933536      1.468562
    10.958904      1.457726
    10.984272      1.447020
    11.009640      1.436455
    11.035008      1.426038
    11.060375      1.415776
    11.085743      1.405676
    11.111111      1.395741
    11.136479      1.385977
    11.161847      1.376385
    11.187215      1.366964
    11.212582      1.357717
    11.237950      1.348645
    11.263318      1.339749
    11.288686      1.331026
    11.314054      1.322477
    11.339422      1.314101
    11.364789      1.305898
    11.390157      1.297866
    11.415525      1.289998
    11.440893      1.282289
    11.466261      1.274736
    11.491629      1.267337
    11.516996      1.260086
    11.542364      1.252978
    11.567732      1.246011
    11.593100      1.239181
    11.618468      1.232486
    11.643836      1.225921
    11.669203      1.219478
    11.694571      1.213152
    11.719939      1.206940
    11.745307      1.200839
    11.770675      1.194845
    11.796043      1.188952
    11.821410      1.183153
    11.846778      1.177445
    11.872146      1.171822
    11.897514      1.166280
    11.922882      1.160815
    11.948250      1.155425
    11.973617      1.150107
    11.998985      1.144862
    12.024353      1.139688
    12.049721      1.134585
    12.075089      1.129551
    12.100457      1.124585
    12.125824      1.119684
    12.151192      1.114845
    12.176560      1.110070
    12.201928      1.105358
    12.227296      1.100710
    12.252664      1.096126
    12.278031      1.091603
    12.303399      1.087136
    12.328767      1.082721
    12.354135      1.078354
    12.379503      1.074032
    12.404871      1.069754
    12.430238      1.065523
    12.455606      1.061341
    12.480974      1.057207
    12.506342      1.053120
    12.531710      1.049076
    12.557078      1.045071
    12.582445      1.041101
    12.607813      1.037159
    12.633181      1.033244
    12.658549      1.029356
    12.683917      1.025497
    12.709285      1.021671
    12.734652      1.017881
    12.760020      1.014130
    12.785388      1.010413
    12.810756      1.006724
    12.836124      1.003055
    12.861492      0.999399
    12.886859      0.995751
    12.912227      0.992109
    12.937595      0.988476
    12.962963      0.984851
    12.988331      0.981236
    13.013699      0.977632
    13.039066      0.974040
    13.064434      0.970459
    13.089802      0.966890
    13.115170      0.963332
    13.140538      0.959785
    13.165906      0.956249
    13.191273      0.952722
    13.216641      0.949202
    13.242009      0.945684
    13.267377      0.942167
    13.292745      0.938646
    13.318113      0.935121
    13.343480      0.931590
    13.368848      0.928050
    13.394216      0.924503
    13.419584      0.920948
    13.444952      0.917386
    13.470320      0.913818
    13.495687      0.910245
    13.521055      0.906670
    13.546423      0.903095
    13.571791      0.899519
    13.597159      0.895945
    13.622527      0.892373
    13.647894      0.888804
    13.673262      0.885236
    13.698630      0.881669
    13.723998      0.878101
    13.749366      0.874530
    13.774734      0.870955
    13.800101      0.867374
    13.825469      0.863787
    13.850837      0.860192
    13.876205      0.856591
    13.901573      0.852982
    13.926941      0.849366
    13.952308      0.845743
    13.977676      0.842112
    14.003044      0.838475
    14.028412      0.834830
    14.053780      0.831178
    14.079148      0.827519
    14.104515      0.823852
    14.129883      0.820179
    14.155251      0.816498
    14.180619      0.812811
    14.205987      0.809116
    14.231355      0.805414
    14.256722      0.801705
    14.282090      0.797989
    14.307458      0.794266
    14.332826      0.790535
    14.358194      0.786798
    14.383562      0.783054
    14.408929      0.779303
    14.434297      0.775545
    14.459665      0.771780
    14.485033      0.768008
    14.510401      0.764229
    14.535769      0.760442
    14.561136      0.756648
    14.586504      0.752846
    14.611872      0.749036
    14.637240      0.745218
    14.662608      0.741391
    14.687976      0.737555
    14.713343      0.733710
    14.738711      0.729854
    14.764079      0.725989
    14.789447      0.722112
    14.814815      0.718224
    14.840183      0.714324
    14.865550      0.710411
    14.890918      0.706486
    14.916286      0.702547
    14.941654      0.698594
    14.967022      0.694627
    14.992390      0.690645
    15.017757      0.686648
    15.043125      0.682636
    15.068493      0.678608
    15.093861      0.674563
    15.119229      0.670502
    15.144597      0.666424
    15.169964      0.662329
    15.195332      0.658216
    15.220700      0.654086
    15.246068      0.649938
    15.271436      0.645772
    15.296804      0.641588
    15.322171      0.637385
    15.347539      0.633163
    15.372907      0.628922
    15.398275      0.624663
    15.423643      0.620383
    15.449011      0.616084
    15.474378      0.611765
    15.499746      0.607426
    15.525114      0.603066
    15.550482      0.598685
    15.575850      0.594283
    15.601218      0.589859
    15.626585      0.585413
    15.651953      0.580945
    15.677321      0.576454
    15.702689      0.571940
    15.728057      0.567403
    15.753425      0.562841
    15.778792      0.558256
    15.804160      0.553645
    15.829528      0.549010
    15.854896      0.544349
    15.880264      0.539662
    15.905632      0.534948
    15.930999      0.530208
    15.956367      0.525441
    15.981735      0.520646
    16.007103      0.515823
    16.032471      0.510972
    16.057839      0.506092
    16.083206      0.501183
    16.108574      0.496245
    16.133942      0.491277
    16.159310      0.486279
    16.184678      0.481250
    16.210046      0.476191
    16.235413      0.471100
    16.260781      0.465978
    16.286149      0.460825
    16.311517      0.455640
    16.336885      0.450422
    16.362253      0.445172
    16.387620      0.439889
    16.412988      0.434572
    16.438356      0.429223
    16.463724      0.423840
    16.489092      0.418423
    16.514460      0.412972
    16.539827      0.407487
    16.565195      0.401967
    16.590563      0.396412
    16.615931      0.390823
    16.641299      0.385198
    16.666667      0.379538
    16.692035      0.373843
    16.717402      0.368112
    16.742770      0.362345
    16.768138      0.356542
    16.793506      0.350702
    16.818874      0.344827
    16.844242      0.338914
    16.869609      0.332966
    16.894977      0.326980
    16.920345      0.320958
    16.945713      0.314899
    16.971081      0.308803
    16.996449      0.302670
    17.021816      0.296500
    17.047184      0.290293
    17.072552      0.284048
    17.097920      0.277767
    17.123288      0.271448
    17.148656      0.265093
    17.174023      0.258700
    17.199391      0.252270
    17.224759      0.245803
    17.250127      0.239299
    17.275495      0.232758
    17.300863      0.226181
    17.326230      0.219567
    17.351598      0.212916
    17.376966      0.206230
    17.402334      0.199507
    17.427702      0.192747
    17.453070      0.185953
    17.478437      0.179122
    17.503805      0.172256
    17.529173      0.165355
    17.554541      0.158419
    17.579909      0.151448
    17.605277      0.144443
    17.630644      0.137404
    17.656012      0.130332
    17.681380      0.123226
    17.706748      0.116086
    17.732116      0.108915
    17.757484      0.101711
    17.782851      0.094475
    17.808219      0.087207
    17.833587      0.079909
    17.858955      0.072580
    17.884323      0.065220
    17.909691      0.057832
    17.935058      0.050414
    17.960426      0.042967
    17.985794      0.035492
    18.011162      0.027990
    18.036530      0.020461
    18.061898      0.012905
    18.087265      0.005324
    18.112633      0.002283
    18.138001      0.009914
    18.163369      0.017569
    18.188737      0.025248
    18.214105      0.032949
    18.239472      0.040671
    18.264840      0.048416
    18.290208      0.056180
    18.315576      0.063964
    18.340944      0.071767
    18.366312      0.079589
    18.391679      0.087427
    18.417047      0.095283
    18.442415      0.103154
    18.467783      0.111040
    18.493151      0.118941
    18.518519      0.126854
    18.543886      0.134780
    18.569254      0.142718
    18.594622      0.150667
    18.619990      0.158625
    18.645358      0.166592
    18.670726      0.174567
    18.696093      0.182550
    18.721461      0.190538
    18.746829      0.198532
    18.772197      0.206530
    18.797565      0.214531
    18.822933      0.222535
    18.848300      0.230539
    18.873668      0.238545
    18.899036      0.246550
    18.924404      0.254553
    18.949772      0.262553
    18.975140      0.270551
    19.000507      0.278543
    19.025875      0.286530
    19.051243      0.294510
    19.076611      0.302483
    19.101979      0.310447
    19.127347      0.318402
    19.152714      0.326346
    19.178082      0.334279
    19.203450      0.342198
    19.228818      0.350104
    19.254186      0.357996
    19.279554      0.365872
    19.304921      0.373731
    19.330289      0.381572
    19.355657      0.389395
    19.381025      0.397198
    19.406393      0.404981
    19.431761      0.412742
    19.457128      0.420480
    19.482496      0.428194
    19.507864      0.435885
    19.533232      0.443549
    19.558600      0.451187
    19.583968      0.458798
    19.609335      0.466380
    19.634703      0.473933
    19.660071      0.481456
    19.685439      0.488948
    19.710807      0.496407
    19.736175      0.503834
    19.761542      0.511226
    19.786910      0.518584
    19.812278      0.525906
    19.837646      0.533191
    19.863014      0.540438
    19.888382      0.547647
    19.913749      0.554817
    19.939117      0.561947
    19.964485      0.569036
    19.989853      0.576084
    20.015221      0.583089
    20.040589      0.590052
    20.065956      0.596970
    20.091324      0.603844
    20.116692      0.610672
    20.142060      0.617454
    20.167428      0.624188
    20.192796      0.630874
    20.218163      0.637510
    20.243531      0.644096
    20.268899      0.650629
    20.294267      0.657109
    20.319635      0.663535
    20.345003      0.669904
    20.370370      0.676215
    20.395738      0.682467
    20.421106      0.688657
    20.446474      0.694786
    20.471842      0.700851
    20.497210      0.706851
    20.522577      0.712786
    20.547945      0.718655
    20.573313      0.724457
    20.598681      0.730191
    20.624049      0.735858
    20.649417      0.741454
    20.674784      0.746980
    20.700152      0.752434
    20.725520      0.757815
    20.750888      0.763123
    20.776256      0.768359
    20.801624      0.773523
    20.826991      0.778619
    20.852359      0.783647
    20.877727      0.788611
    20.903095      0.793514
    20.928463      0.798359
    20.953831      0.803148
    20.979198      0.807885
    21.004566      0.812569
    21.029934      0.817199
    21.055302      0.821772
    21.080670      0.826282
    21.106038      0.830727
    21.131405      0.835110
    21.156773      0.839433
    21.182141      0.843701
    21.207509      0.847919
    21.232877      0.852087
    21.258245      0.856208
    21.283612      0.860279
    21.308980      0.864301
    21.334348      0.868270
    21.359716      0.872187
    21.385084      0.876048
    21.410452      0.879853
    21.435819      0.883600
    21.461187      0.887283
    21.486555      0.890902
    21.511923      0.894453
    21.537291      0.897938
    21.562659      0.901359
    21.588026      0.904721
    21.613394      0.908026
    21.638762      0.911278
    21.664130      0.914480
    21.689498      0.917636
    21.714866      0.920744
    21.740233      0.923806
    21.765601      0.926820
    21.790969      0.929781
    21.816337      0.932686
    21.841705      0.935528
    21.867073      0.938303
    21.892440      0.941012
    21.917808      0.943659
    21.943176      0.946248
    21.968544      0.948784
    21.993912      0.951269
    22.019280      0.953703
    22.044647      0.956085
    22.070015      0.958416
    22.095383      0.960691
    22.120751      0.962911
    22.146119      0.965074
    22.171487      0.967184
    22.196854      0.969242
    22.222222      0.971247
    22.247590      0.973199
    22.272958      0.975098
    22.298326      0.976943
    22.323694      0.978734
    22.349061      0.980472
    22.374429      0.982160
    22.399797      0.983799
    22.425165      0.985392
    22.450533      0.986939
    22.475901      0.988436
    22.501268      0.989881
    22.526636      0.991270
    22.552004      0.992599
    22.577372      0.993868
    22.602740      0.995083
    22.628108      0.996245
    22.653475      0.997361
    22.678843      0.998433
    22.704211      0.999460
    22.729579      1.000440
    22.754947      1.001370
    22.780315      1.002248
    22.805682      1.003075
    22.831050      1.003851
    22.856418      1.004581
    22.881786      1.005266
    22.907154      1.005907
    22.932522      1.006501
    22.957889      1.007047
    22.983257      1.007543
    23.008625      1.007989
    23.033993      1.008385
    23.059361      1.008733
    23.084729      1.009034
    23.110096      1.009291
    23.135464      1.009502
    23.160832      1.009668
    23.186200      1.009790
    23.211568      1.009871
    23.236936      1.009912
    23.262303      1.009912
    23.287671      1.009869
    23.313039      1.009780
    23.338407      1.009642
    23.363775      1.009454
    23.389143      1.009215
    23.414510      1.008929
    23.439878      1.008598
    23.465246      1.008226
    23.490614      1.007816
    23.515982      1.007369
    23.541350      1.006884
    23.566717      1.006357
    23.592085      1.005782
    23.617453      1.005159
    23.642821      1.004486
    23.668189      1.003764
    23.693557      1.002997
    23.718924      1.002186
    23.744292      1.001335
    23.769660      1.000444
    23.795028      0.999512
    23.820396      0.998535
    23.845764      0.997511
    23.871131      0.996439
    23.896499      0.995319
    23.921867      0.994153
    23.947235      0.992941
    23.972603      0.991687
    23.997971      0.990392
    24.023338      0.989060
    24.048706      0.987690
    24.074074      0.986281
    24.099442      0.984829
    24.124810      0.983332
    24.150178      0.981791
    24.175545      0.980203
    24.200913      0.978571
    24.226281      0.976893
    24.251649      0.975170
    24.277017      0.973405
    24.302385      0.971598
    24.327752      0.969753
    24.353120      0.967870
    24.378488      0.965946
    24.403856      0.963978
    24.429224      0.961963
    24.454592      0.959897
    24.479959      0.957779
    24.505327      0.955607
    24.530695      0.953379
    24.556063      0.951098
    24.581431      0.948764
    24.606799      0.946380
    24.632166      0.943949
    24.657534      0.941475
    24.682902      0.938960
    24.708270      0.936407
    24.733638      0.933814
    24.759006      0.931181
    24.784373      0.928503
    24.809741      0.925777
    24.835109      0.922999
    24.860477      0.920165
    24.885845      0.917274
    24.911213      0.914323
    24.936580      0.911312
    24.961948      0.908244
    24.987316      0.905119
    25.012684      0.901940
    25.038052      0.898709
    25.063420      0.895426
    25.088787      0.892093
    25.114155      0.888708
    25.139523      0.885274
    25.164891      0.881791
    25.190259      0.878261
    25.215627      0.874686
    25.240994      0.871069
    25.266362      0.867412
    25.291730      0.863717
    25.317098      0.859986
    25.342466      0.856222
    25.367834      0.852425
    25.393201      0.848597
    25.418569      0.844738
    25.443937      0.840850
    25.469305      0.836931
    25.494673      0.832983
    25.520041      0.829003
    25.545408      0.824992
    25.570776      0.820948
    25.596144      0.816869
    25.621512      0.812754
    25.646880      0.808603
    25.672248      0.804413
    25.697615      0.800183
    25.722983      0.795913
    25.748351      0.791602
    25.773719      0.787249
    25.799087      0.782855
    25.824455      0.778419
    25.849822      0.773941
    25.875190      0.769421
    25.900558      0.764861
    25.925926      0.760260
    25.951294      0.755620
    25.976662      0.750940
    26.002029      0.746223
    26.027397      0.741467
    26.052765      0.736675
    26.078133      0.731847
    26.103501      0.726983
    26.128869      0.722084
    26.154236      0.717150
    26.179604      0.712182
    26.204972      0.707180
    26.230340      0.702144
    26.255708      0.697075
    26.281076      0.691971
    26.306443      0.686834
    26.331811      0.681663
    26.357179      0.676458
    26.382547      0.671220
    26.407915      0.665947
    26.433283      0.660640
    26.458650      0.655299
    26.484018      0.649923
    26.509386      0.644513
    26.534754      0.639068
    26.560122      0.633589
    26.585490      0.628076
    26.610857      0.622528
    26.636225      0.616945
    26.661593      0.611328
    26.686961      0.605677
    26.712329      0.599992
    26.737697      0.594274
    26.763064      0.588522
    26.788432      0.582736
    26.813800      0.576917
    26.839168      0.571066
    26.864536      0.565182
    26.889904      0.559265
    26.915271      0.553317
    26.940639      0.547336
    26.966007      0.541324
    26.991375      0.535280
    27.016743      0.529205
    27.042111      0.523099
    27.067478      0.516962
    27.092846      0.510794
    27.118214      0.504595
    27.143582      0.498366
    27.168950      0.492107
    27.194318      0.485818
    27.219685      0.479498
    27.245053      0.473149
    27.270421      0.466770
    27.295789      0.460361
    27.321157      0.453923
    27.346525      0.447456
    27.371892      0.440959
    27.397260      0.434433
    27.422628      0.427879
    27.447996      0.421296
    27.473364      0.414684
    27.498732      0.408044
    27.524099      0.401376
    27.549467      0.394680
    27.574835      0.387956
    27.600203      0.381205
    27.625571      0.374426
    27.650939      0.367621
    27.676306      0.360788
    27.701674      0.353929
    27.727042      0.347044
    27.752410      0.340132
    27.777778      0.333195
    27.803146      0.326232
    27.828513      0.319244
    27.853881      0.312231
    27.879249      0.305193
    27.904617      0.298130
    27.929985      0.291043
    27.955353      0.283932
    27.980720      0.276797
    28.006088      0.269639
    28.031456      0.262458
    28.056824      0.255253
    28.082192      0.248026
    28.107560      0.240777
    28.132927      0.233505
    28.158295      0.226212
    28.183663      0.218897
    28.209031      0.211561
    28.234399      0.204204
    28.259767      0.196826
    28.285134      0.189428
    28.310502      0.182010
    28.335870      0.174572
    28.361238      0.167115
    28.386606      0.159639
    28.411974      0.152144
    28.437341      0.144631
    28.462709      0.137099
    28.488077      0.129550
    28.513445      0.121984
    28.538813      0.114400
    28.564181      0.106800
    28.589548      0.099183
    28.614916      0.091551
    28.640284      0.083903
    28.665652      0.076240
    28.691020      0.068561
    28.716388      0.060869
    28.741755      0.053162
    28.767123      0.045442
    28.792491      0.037708
    28.817859      0.029961
    28.843227      0.022202
    28.868595      0.014431
    28.893962      0.006648
    28.919330      0.001146
    28.944698      0.008951
    28.970066      0.016767
    28.995434      0.024592
    29.020802      0.032427
    29.046169      0.040272
    29.071537      0.048125
    29.096905      0.055986
    29.122273      0.063855
    29.147641      0.071731
    29.173009      0.079615
    29.198376      0.087505
    29.223744      0.095400
    29.249112      0.103302
    29.274480      0.111208
    29.299848      0.119120
    29.325216      0.127035
    29.350583      0.134954
    29.375951      0.142876
    29.401319      0.150801
    29.426687      0.158728
    29.452055      0.166657
    29.477423      0.174587
    29.502790      0.182518
    29.528158      0.190449
    29.553526      0.198380
    29.578894      0.206310
    29.604262      0.214239
    29.629630      0.222167
    29.654997      0.230092
    29.680365      0.238014
    29.705733      0.245933
    29.731101      0.253848
    29.756469      0.261759
    29.781837      0.269665
    29.807204      0.277565
    29.832572      0.285460
    29.857940      0.293348
    29.883308      0.301230
    29.908676      0.309104
    29.934044      0.316969
    29.959411      0.324827
    29.984779      0.332675
    30.010147      0.340514
    30.035515      0.348342
    30.060883      0.356160
    30.086251      0.363967
    30.111618      0.371761
    30.136986      0.379544
    30.162354      0.387314
    30.187722      0.395070
    30.213090      0.402812
    30.238458      0.410540
    30.263825      0.418253
    30.289193      0.425950
    30.314561      0.433631
    30.339929      0.441295
    30.365297      0.448942
    30.390665      0.456572
    30.416032      0.464182
    30.441400      0.471774
    30.466768      0.479346
    30.492136      0.486898
    30.517504      0.494429
    30.542872      0.501939
    30.568239      0.509428
    30.593607      0.516893
    30.618975      0.524336
    30.644343      0.531756
    30.669711      0.539151
    30.695079      0.546522
    30.720446      0.553868
    30.745814      0.561187
    30.771182      0.568481
    30.796550      0.575748
    30.821918      0.582987
    30.847286      0.590198
    30.872653      0.597381
    30.898021      0.604535
    30.923389      0.611658
    30.948757      0.618751
    30.974125      0.625812
    30.999493      0.632841
    31.024860      0.639836
    31.050228      0.646797
    31.075596      0.653721
    31.100964      0.660608
    31.126332      0.667456
    31.151700      0.674263
    31.177067      0.681027
    31.202435      0.687748
    31.227803      0.694422
    31.253171      0.701048
    31.278539      0.707624
    31.303907      0.714146
    31.329274      0.720613
    31.354642      0.727020
    31.380010      0.733368
    31.405378      0.739653
    31.430746      0.745876
    31.456114      0.752037
    31.481481      0.758138
    31.506849      0.764180
    31.532217      0.770168
    31.557585      0.776103
    31.582953      0.781989
    31.608321      0.787830
    31.633688      0.793626
    31.659056      0.799377
    31.684424      0.805082
    31.709792      0.810736
